$ANSIBLE_VAULT;1.1;AES256
63346332616161306365366138306662383733316436363536653831343039656139306566373732
6663333132613065646236363230633364643061623835390a303362306362623634356164656165
66623231613566346164623836623063396432613330366634646363653464663834343166326662
3336323934333939620a336136643864646464356432333634356536383163663166623665646536
64333063653438336563663664376138653839626634656562643166633336336435636661383033
31646633393839333135626538616531633636326333643635626535363964373231396563636439
35353666646530393365616264656161393235303737666366386532323563626537623364333865
38303330643963663734663766363930363937326361613230623830613266623632313639396235
37376266333163646665636630396362313963663532353939373161653933363834643561656536
39353630393635626539366166643033613563663538303935353161333362383465306461373930
61323139366339663361343930363462336365316262386239376139316536363139623062353738
38333237616263373866356234316638353535336136633434663764323238353631363234616237
32643035373937303830623661313631336261313835656165616335303838376464666166353436
65386661643437346139316338376432626664313563376332386439353766333266633965643264
33323437633134313134383133656431303331653335613264656463636638623132616539306136
62646331323631663038366336303538636330643833626666646361303164646461396136653131
31386661303666323932366535373431376631376135613332663838633538666564613534323066
66313433376232373362313865326166376232666633323730383964336364386636666636363133
32383862633738353238396665313635653131373232633236336362376134353631303832656131
65333039613535636562623833643933363232626235353164373666316133363939613239363236
65613338643963666139366562353965643032643938376136313939633831643333653263616131
61373966366163313431383532323036383039356364623761626239656131343231383539383364
61363335373765653630396133346538323038636363666537313631653238336263303934393363
32616361356131376666
